service_id,monday,tuesday,wednesday,thursday,friday,saturday,sunday,start_date,end_date
13234,1,1,1,1,1,0,0,20190301,20200401
13235,0,0,0,0,0,1,0,20190301,20200401
13236,0,0,0,0,0,0,1,20190301,20200401
12809,0,0,0,0,0,1,0,20190110,20200401
12808,1,1,1,1,1,0,0,20181101,20200401
12810,0,0,0,0,0,0,1,20181101,20200401
13024,1,1,1,1,1,0,0,20181208,20200401
13025,0,0,0,0,0,1,0,20181208,20200401
13026,0,0,0,0,0,0,1,20181208,20200401
13225,1,1,1,1,1,0,0,20190301,20200401
13226,0,0,0,0,0,1,0,20190301,20200401
13227,0,0,0,0,0,0,1,20190301,20200401
13027,1,1,1,1,1,0,0,20181208,20200401
13028,0,0,0,0,0,1,0,20181208,20200401
13029,0,0,0,0,0,0,1,20181208,20200401
13325,1,1,1,1,1,0,0,20190401,20200401
13326,0,0,0,0,0,1,0,20190401,20200401
13327,0,0,0,0,0,0,1,20190401,20200401
11951,1,1,1,1,1,0,0,20180414,20200401
11952,0,0,0,0,0,1,1,20180414,20200401
13314,1,1,1,1,1,0,0,20190323,20200401
13315,0,0,0,0,0,1,0,20190323,20200401
13316,0,0,0,0,0,0,1,20190323,20200401
13237,1,1,1,1,1,0,0,20190301,20200401
13238,0,0,0,0,0,1,0,20190301,20200401
13239,0,0,0,0,0,0,1,20190301,20200401
12814,1,1,1,1,1,0,0,20181101,20200401
12815,0,0,0,0,0,1,0,20181101,20200401
12816,0,0,0,0,0,0,1,20181101,20200401
13231,1,1,1,1,1,0,0,20190301,20200401
13232,0,0,0,0,0,1,0,20190301,20200401
13233,0,0,0,0,0,0,1,20190301,20200401
13319,0,0,0,0,0,1,0,20190323,20200401
13324,0,0,0,0,0,0,1,20190323,20200401
13240,1,1,1,1,1,0,0,20190301,20200401
12730,0,0,0,0,0,0,1,20181001,20200401
11852,1,1,1,1,1,0,0,20180310,20200401
11853,0,0,0,0,0,1,0,20180310,20200401
13033,1,1,1,1,1,0,0,20181208,20200401
12732,0,0,0,0,0,0,1,20181001,20200401
12367,0,0,0,0,0,1,0,20180804,20200401
13242,1,1,1,1,1,0,0,20190301,20200401
13243,0,0,0,0,0,1,0,20190301,20200401
13244,0,0,0,0,0,0,1,20190301,20200401
12009,0,0,0,0,0,1,1,20181217,20200401
12756,1,1,1,1,1,0,0,20181020,20200401
13328,0,0,0,0,0,0,1,20190401,20200401
13034,1,1,1,1,1,0,0,20181208,20200401
13035,0,0,0,0,0,1,0,20181208,20200401
12757,1,1,1,1,1,0,0,20181020,20200401
12758,0,0,0,0,0,1,0,20181020,20200401
12759,0,0,0,0,0,0,1,20181020,20200401
12760,1,1,1,1,1,0,0,20181020,20200401
12273,0,0,0,0,0,1,0,20180701,20200401
12274,0,0,0,0,0,0,1,20180701,20200401
12275,1,1,1,1,1,1,0,20180701,20200401
12276,0,0,0,0,0,0,1,20180701,20200401
13037,1,1,1,1,1,0,0,20181208,20200401
13038,0,0,0,0,0,1,0,20181208,20200401
13039,0,0,0,0,0,0,1,20181208,20200401
13329,1,1,1,1,1,0,0,20190401,20200401
12503,0,0,0,0,0,1,0,20180901,20200401
12504,0,0,0,0,0,0,1,20180901,20200401
13040,1,1,1,1,1,0,0,20181208,20200401
13041,0,0,0,0,0,1,0,20181208,20200401
13042,0,0,0,0,0,0,1,20181208,20200401
13043,1,1,1,1,1,0,0,20181208,20200401
13044,0,0,0,0,0,1,0,20181208,20200401
13045,0,0,0,0,0,0,1,20181208,20200401
13245,1,1,1,1,1,0,0,20190301,20200401
13285,0,0,0,0,0,1,0,20190301,20200401
13246,0,0,0,0,0,1,0,20190301,20200401
13247,0,0,0,0,0,0,1,20190301,20200401
13248,1,1,1,1,1,0,0,20190301,20200401
13249,0,0,0,0,0,1,0,20190301,20200401
13250,0,0,0,0,0,0,1,20190301,20200401
13251,1,1,1,1,1,0,0,20190301,20200401
13252,0,0,0,0,0,1,0,20190301,20200401
13253,0,0,0,0,0,0,1,20190301,20200401
13254,1,1,1,1,1,0,0,20190301,20200401
13255,0,0,0,0,0,1,0,20190301,20200401
13256,0,0,0,0,0,0,1,20190301,20200401
13257,1,1,1,1,1,0,0,20190301,20200401
13268,1,1,1,1,1,0,0,20190301,20200401
13278,1,1,1,1,1,0,0,20190301,20200401
13258,0,0,0,0,0,1,0,20190301,20200401
13259,0,0,0,0,0,0,1,20190301,20200401
11859,1,1,1,1,1,0,0,20180310,20200401
11860,0,0,0,0,0,1,0,20180310,20200401
11861,0,0,0,0,0,0,1,20180310,20200401
13046,1,1,1,1,1,0,0,20181208,20200401
12740,0,0,0,0,0,1,1,20181008,20200401
13048,0,0,0,0,0,1,0,20190110,20200401
13047,1,1,1,1,1,0,0,20181208,20200401
13049,0,0,0,0,0,0,1,20181208,20200401
13260,1,1,1,1,1,0,0,20190301,20200401
13261,0,0,0,0,0,1,1,20190301,20200401
13262,1,1,1,1,1,0,0,20190301,20200401
13263,0,0,0,0,0,1,0,20190301,20200401
13264,0,0,0,0,0,0,1,20190301,20200401
13201,1,1,1,1,1,0,0,20190301,20200401
13202,0,0,0,0,0,1,0,20190301,20200401
13203,0,0,0,0,0,0,1,20190301,20200401
13050,1,1,1,1,1,0,0,20181208,20200401
13051,0,0,0,0,0,1,0,20181208,20200401
13052,0,0,0,0,0,0,1,20181208,20200401
13204,1,1,1,1,1,0,0,20190301,20200401
13205,0,0,0,0,0,1,0,20190301,20200401
13206,0,0,0,0,0,0,1,20190301,20200401
12824,0,0,0,0,0,1,0,20181217,20200401
12825,0,0,0,0,0,0,1,20181217,20200401
12823,1,1,1,1,1,0,0,20181101,20200401
13053,1,1,1,1,1,0,0,20181208,20200401
13054,0,0,0,0,0,1,0,20181208,20200401
13055,0,0,0,0,0,0,1,20181208,20200401
12826,1,1,1,1,1,0,0,20181101,20200401
12827,0,0,0,0,0,1,0,20181101,20200401
12828,0,0,0,0,0,0,1,20181101,20200401
12829,1,1,1,1,1,0,0,20181101,20200401
12830,0,0,0,0,0,1,0,20181101,20200401
12831,0,0,0,0,0,0,1,20181101,20200401
13056,1,1,1,1,1,0,0,20181208,20200401
13057,0,0,0,0,0,1,0,20181208,20200401
13058,0,0,0,0,0,0,1,20181208,20200401
12682,1,1,1,1,1,0,0,20180917,20200401
12683,0,0,0,0,0,1,0,20180917,20200401
12684,0,0,0,0,0,0,1,20180917,20200401
13330,1,1,1,1,1,0,0,20190401,20200401
12527,0,0,0,0,0,1,0,20180901,20200401
12528,0,0,0,0,0,0,1,20180901,20200401
13269,0,0,0,0,0,1,0,20190301,20200401
13270,0,0,0,0,0,0,1,20190301,20200401
12530,1,1,1,1,1,0,0,20180901,20200401
11965,0,0,0,0,0,1,0,20180414,20200401
11966,0,0,0,0,0,0,1,20180414,20200401
13059,1,1,1,1,1,0,0,20181208,20200401
13060,0,0,0,0,0,1,0,20181208,20200401
13061,0,0,0,0,0,0,1,20181208,20200401
13317,0,0,0,0,0,1,0,20190323,20200401
13318,0,0,0,0,0,0,1,20190323,20200401
13207,1,1,1,1,1,0,0,20190301,20200401
12532,0,0,0,0,0,1,0,20181125,20200401
12833,1,1,1,1,1,0,0,20181101,20200401
12533,0,0,0,0,0,0,1,20180901,20200401
12834,1,1,1,1,1,0,0,20181101,20200401
12835,0,0,0,0,0,1,0,20181101,20200401
12836,0,0,0,0,0,0,1,20181101,20200401
13271,1,1,1,1,1,0,0,20190301,20200401
13272,0,0,0,0,0,1,0,20190301,20200401
13273,0,0,0,0,0,0,1,20190301,20200401
12537,1,1,1,1,1,0,0,20180901,20200401
12538,0,0,0,0,0,1,0,20180901,20200401
12539,0,0,0,0,0,0,1,20180901,20200401
12214,1,1,1,1,1,0,0,20180616,20200401
12215,0,0,0,0,0,1,1,20180616,20200401
13274,0,0,0,0,0,1,1,20190301,20200401
12540,1,1,1,1,1,0,0,20180901,20200401
13176,1,1,1,1,1,0,0,20190209,20200401
13177,0,0,0,0,0,1,0,20190209,20200401
13178,0,0,0,0,0,0,1,20190209,20200401
13210,1,1,1,1,1,0,0,20190301,20200401
13211,0,0,0,0,0,1,0,20190301,20200401
13212,0,0,0,0,0,0,1,20190301,20200401
13321,1,1,1,1,1,0,0,20190323,20200401
13322,0,0,0,0,0,1,0,20190323,20200401
13323,0,0,0,0,0,0,1,20190323,20200401
13279,0,0,0,0,0,1,0,20190301,20200401
13280,0,0,0,0,0,0,1,20190301,20200401
13281,1,1,1,1,1,0,0,20190301,20200401
13282,0,0,0,0,0,1,0,20190301,20200401
13283,0,0,0,0,0,0,1,20190301,20200401
13068,1,1,1,1,1,0,0,20181208,20200401
13069,0,0,0,0,0,1,0,20181208,20200401
13070,0,0,0,0,0,0,1,20181208,20200401
13213,1,1,1,1,1,0,0,20190301,20200401
13214,0,0,0,0,0,1,0,20190301,20200401
13215,0,0,0,0,0,0,1,20190301,20200401
13071,1,1,1,1,1,0,0,20181208,20200401
13072,0,0,0,0,0,1,0,20181208,20200401
13073,0,0,0,0,0,0,1,20181208,20200401
13284,1,1,1,1,1,0,0,20190301,20200401
13286,0,0,0,0,0,0,1,20190301,20200401
13287,1,1,1,1,1,0,0,20190301,20200401
13288,0,0,0,0,0,1,1,20190301,20200401
13289,1,1,1,1,1,0,0,20190301,20200401
13331,1,1,1,1,1,0,0,20190401,20200401
13332,0,0,0,0,0,1,0,20190401,20200401
13333,0,0,0,0,0,0,1,20190401,20200401
12554,1,1,1,1,1,0,0,20180901,20200401
12555,0,0,0,0,0,1,0,20180901,20200401
12556,0,0,0,0,0,0,1,20180901,20200401
13290,1,1,1,1,1,0,0,20190301,20200401
13291,0,0,0,0,0,1,0,20190301,20200401
13292,0,0,0,0,0,0,1,20190301,20200401
13293,1,1,1,1,1,0,0,20190301,20200401
13294,0,0,0,0,0,1,0,20190301,20200401
13295,0,0,0,0,0,0,1,20190301,20200401
13216,1,1,1,1,1,0,0,20190301,20200401
13217,0,0,0,0,0,1,0,20190301,20200401
13218,0,0,0,0,0,0,1,20190301,20200401
13077,1,1,1,1,1,0,0,20181208,20200401
13078,0,0,0,0,0,1,0,20181208,20200401
13079,0,0,0,0,0,0,1,20181208,20200401
13219,1,1,1,1,1,0,0,20190301,20200401
13220,0,0,0,0,0,1,0,20190301,20200401
13221,0,0,0,0,0,0,1,20190301,20200401
13334,1,1,1,1,1,0,0,20190401,20200401
12231,0,0,0,0,0,1,0,20180616,20200401
12232,0,0,0,0,0,0,1,20180616,20200401
13080,1,1,1,1,1,0,0,20181208,20200401
13081,0,0,0,0,0,1,0,20181208,20200401
13082,0,0,0,0,0,0,1,20181208,20200401
13083,1,1,1,1,1,0,0,20181208,20200401
13084,0,0,0,0,0,1,0,20181208,20200401
13085,0,0,0,0,0,0,1,20181208,20200401
13296,1,1,1,1,1,0,0,20190301,20200401
13297,0,0,0,0,0,1,1,20190301,20200401
13174,1,1,1,1,1,0,0,20190119,20200401
13175,0,0,0,0,0,1,1,20190119,20200401
13298,1,1,1,1,1,0,0,20190301,20200401
13299,0,0,0,0,0,1,1,20190301,20200401
13300,1,1,1,1,1,0,0,20190301,20200401
12686,0,0,0,0,0,1,1,20180917,20200401
12571,1,1,1,1,1,0,0,20180901,20200401
12572,0,0,0,0,0,1,0,20180901,20200401
12573,0,0,0,0,0,0,1,20180901,20200401
13301,1,1,1,1,1,0,0,20190301,20200401
13302,0,0,0,0,0,1,1,20190301,20200401
12237,1,1,1,1,1,1,1,20180616,20200401
12269,0,0,0,0,1,1,0,20180912,20200401
11114,0,0,0,0,1,1,0,20180912,20200401
11610,0,0,0,0,1,1,0,20180912,20200401
11116,0,0,0,0,1,1,0,20180912,20200401
12677,0,0,0,0,1,1,0,20180912,20200401
13343,1,1,1,1,1,0,0,20190301,20200401
13344,0,0,0,0,0,1,0,20190301,20200401
13345,0,0,0,0,0,0,1,20190301,20200401
12961,1,1,1,1,1,0,0,20181201,20200401
12962,0,0,0,0,0,1,0,20181201,20200401
13014,0,0,0,0,0,0,1,20181201,20200401
13367,1,1,1,1,1,0,0,20190301,20200401
13362,0,0,0,0,0,1,0,20190301,20200401
13363,0,0,0,0,0,0,1,20190301,20200401
13364,1,1,1,1,1,0,0,20190301,20200401
13365,1,1,1,1,1,0,0,20190301,20200401
12968,0,0,0,0,0,1,0,20181201,20200401
12969,0,0,0,0,0,0,1,20181201,20200401
12970,1,1,1,1,1,0,0,20181201,20200401
12971,0,0,0,0,0,1,0,20181201,20200401
12972,0,0,0,0,0,0,1,20181201,20200401
13346,1,1,1,1,1,0,0,20190301,20200401
13347,0,0,0,0,0,1,0,20190301,20200401
13348,0,0,0,0,0,0,1,20190301,20200401
13349,1,1,1,1,1,0,0,20190301,20200401
13350,0,0,0,0,0,1,0,20190301,20200401
13351,0,0,0,0,0,0,1,20190301,20200401
13308,1,1,1,1,1,0,0,20181201,20200401
13309,0,0,0,0,0,1,0,20181201,20200401
13310,0,0,0,0,0,0,1,20181201,20200401
12982,1,1,1,1,1,0,0,20181201,20200401
12983,0,0,0,0,0,1,0,20181201,20200401
12984,0,0,0,0,0,0,1,20181201,20200401
12986,1,1,1,1,1,0,0,20181201,20200401
12987,0,0,0,0,0,1,0,20181201,20200401
12988,0,0,0,0,0,0,1,20181201,20200401
12989,1,1,1,1,1,0,0,20181201,20200401
13353,1,1,1,1,1,0,0,20190301,20200401
13354,0,0,0,0,0,1,0,20190301,20200401
13355,0,0,0,0,0,0,1,20190301,20200401
12993,1,1,1,1,1,0,0,20181201,20200401
12994,0,0,0,0,0,1,0,20181201,20200401
12995,0,0,0,0,0,0,1,20181201,20200401
13366,1,1,1,1,1,0,0,20190301,20200401
13357,0,0,0,0,0,1,0,20190301,20200401
13358,0,0,0,0,0,0,1,20190301,20200401
13359,1,1,1,1,1,0,0,20190301,20200401
13360,0,0,0,0,0,1,0,20190301,20200401
13361,0,0,0,0,0,0,1,20190301,20200401
13002,1,1,1,1,1,0,0,20181201,20200401
13003,0,0,0,0,0,1,1,20181201,20200401
13004,1,1,1,1,1,0,0,20181201,20200401
13005,0,0,0,0,0,1,1,20180901,20200401